0 0.532242 0.639054 0.090774 0.056548
0 0.517485 0.573743 0.082589 0.058201
0 0.507564 0.517857 0.079117 0.053571
0 0.342138 0.491071 0.081597 0.053571
0 0.346230 0.530589 0.092262 0.059854
0 0.334449 0.580853 0.103919 0.072421
0 0.345114 0.386409 0.063740 0.042659
0 0.340898 0.350860 0.067212 0.037698
0 0.343378 0.306052 0.057788 0.039352
0 0.411830 0.226521 0.038938 0.037698
0 0.462674 0.325893 0.050843 0.031415
0 0.472594 0.358962 0.056796 0.047288
0 0.525794 0.347057 0.063988 0.039352
0 0.542411 0.387070 0.068452 0.047288
0 0.536954 0.282407 0.034226 0.042328
0 0.518105 0.269841 0.041171 0.036376
0 0.483259 0.250992 0.054315 0.045635
0 0.456721 0.243882 0.050843 0.047288
0 0.349206 0.193452 0.053075 0.041005
