0 0.564815 0.744792 0.130291 0.048115
0 0.552414 0.687376 0.122024 0.038938
0 0.535880 0.639261 0.109458 0.044891
0 0.329365 0.609871 0.101190 0.041667
0 0.331349 0.645461 0.126323 0.044891
0 0.317956 0.682664 0.127976 0.054315
0 0.591766 0.538566 0.088955 0.035466
0 0.326224 0.526910 0.090939 0.031002
0 0.343750 0.506076 0.080357 0.041915
0 0.344742 0.468874 0.078373 0.032490
0 0.488426 0.487475 0.064153 0.029514
0 0.499835 0.509177 0.086971 0.038690
0 0.576224 0.505332 0.078373 0.031002
0 0.595899 0.533234 0.101190 0.037202
0 0.435847 0.412202 0.062169 0.030754
0 0.587632 0.454117 0.060185 0.027778
0 0.562831 0.447173 0.060185 0.035714
