0 0.306176 0.476852 0.063740 0.041005
0 0.307292 0.501488 0.084821 0.039352
0 0.307292 0.525794 0.073413 0.041005
0 0.501612 0.587302 0.088542 0.053571
0 0.524554 0.622685 0.092262 0.061508
0 0.546379 0.677745 0.114583 0.071098
0 0.521701 0.491071 0.069692 0.053571
0 0.449529 0.485615 0.057788 0.045966
0 0.430680 0.472222 0.045883 0.044312
0 0.503348 0.473049 0.063740 0.039352
0 0.316716 0.409226 0.040179 0.031415
0 0.312624 0.594246 0.091022 0.048942
0 0.378720 0.420139 0.041171 0.034722
0 0.418279 0.422619 0.042411 0.042328
0 0.440724 0.421792 0.040179 0.034722
0 0.463790 0.429729 0.039187 0.050595
0 0.486855 0.429729 0.037698 0.040675
0 0.509301 0.430556 0.035466 0.033069
