0 0.290179 0.635251 0.088790 0.058201
0 0.290799 0.562004 0.073165 0.043981
0 0.293155 0.529597 0.080357 0.039352
0 0.289559 0.516369 0.073165 0.034722
0 0.485739 0.619544 0.094494 0.055225
0 0.513393 0.654101 0.100198 0.067460
0 0.536458 0.706184 0.111111 0.080357
0 0.509177 0.524967 0.068452 0.051918
0 0.433036 0.515542 0.062500 0.045635
0 0.410094 0.500496 0.051835 0.047288
0 0.487475 0.503638 0.057788 0.050265
0 0.302579 0.442956 0.047123 0.039352
0 0.361607 0.452546 0.040179 0.039352
0 0.402406 0.448578 0.041419 0.040675
0 0.429563 0.454034 0.046131 0.036376
0 0.446553 0.456515 0.035466 0.043981
0 0.467386 0.455688 0.038938 0.045635
0 0.491567 0.462136 0.037698 0.039352
