0 0.492560 0.677331 0.129960 0.046627
0 0.474041 0.627728 0.122024 0.046627
0 0.452216 0.581225 0.111442 0.040427
0 0.232143 0.581969 0.126323 0.044891
0 0.230985 0.613715 0.140542 0.040427
0 0.223876 0.499876 0.084656 0.032490
0 0.223876 0.473462 0.109788 0.032738
0 0.216601 0.436260 0.086640 0.035714
0 0.300430 0.367312 0.055886 0.027778
0 0.219742 0.339410 0.076389 0.040427
0 0.358135 0.376612 0.047619 0.046379
0 0.398479 0.379588 0.062169 0.031002
0 0.434689 0.389013 0.068452 0.040427
0 0.465608 0.399926 0.064153 0.031002
0 0.370536 0.440104 0.072421 0.031002
0 0.394345 0.464162 0.078373 0.035466
0 0.471892 0.450273 0.093254 0.029514
0 0.482308 0.478795 0.092923 0.031002
