0 0.575397 0.650298 0.101687 0.059854
0 0.568328 0.584821 0.087550 0.055225
0 0.552331 0.532903 0.076885 0.048611
0 0.586062 0.395172 0.068452 0.053571
0 0.571305 0.358135 0.060268 0.036376
0 0.516369 0.369048 0.065972 0.036376
0 0.506944 0.341601 0.049603 0.037698
0 0.388765 0.500661 0.075645 0.050265
0 0.395213 0.545470 0.100446 0.051918
0 0.386409 0.590443 0.106151 0.072421
0 0.387029 0.400628 0.060268 0.036045
0 0.392361 0.366733 0.068452 0.044312
0 0.389385 0.320271 0.058036 0.042659
0 0.456101 0.243221 0.037698 0.039352
0 0.397569 0.216270 0.046131 0.036376
0 0.500992 0.251653 0.049603 0.053571
0 0.521081 0.258929 0.042659 0.045635
0 0.549975 0.276124 0.053323 0.048942
0 0.577133 0.288690 0.041171 0.033069
