0 0.460648 0.375868 0.099206 0.041915
0 0.564980 0.395957 0.105489 0.051339
0 0.620701 0.406746 0.097222 0.063492
0 0.667163 0.413070 0.094907 0.054315
0 0.713790 0.421627 0.105489 0.062004
0 0.774636 0.441716 0.094907 0.059028
0 0.290013 0.504464 0.134259 0.045139
0 0.301422 0.569568 0.161045 0.054315
0 0.295139 0.623140 0.144511 0.055804
0 0.291997 0.782738 0.183862 0.071429
0 0.295139 0.853175 0.223214 0.075893
0 0.725033 0.820685 0.206680 0.075893
0 0.765377 0.913690 0.217262 0.088294
0 0.800595 0.988963 0.262566 0.022073
0 0.610450 0.564236 0.146825 0.062004
0 0.578373 0.518353 0.115741 0.048115
0 0.755952 0.540799 0.148810 0.043403
0 0.796462 0.599826 0.155093 0.065228
