0 0.308532 0.166543 0.146825 0.044891
0 0.327216 0.234747 0.171627 0.066716
0 0.313823 0.291295 0.148810 0.055804
0 0.324074 0.448785 0.185847 0.066716
0 0.328373 0.514509 0.214947 0.077629
0 0.738426 0.487475 0.200397 0.069692
0 0.772487 0.571057 0.214947 0.079117
0 0.800430 0.670387 0.237765 0.088294
0 0.494709 0.026166 0.113757 0.043403
0 0.604167 0.054191 0.109788 0.058780
0 0.659888 0.056424 0.109458 0.057292
0 0.709491 0.061880 0.105489 0.065228
0 0.770503 0.078125 0.086640 0.075893
0 0.827381 0.102307 0.093254 0.068204
0 0.614418 0.187500 0.130291 0.052579
0 0.648479 0.231647 0.165344 0.063492
0 0.793155 0.206845 0.157077 0.048115
0 0.830522 0.271949 0.173611 0.060268
