0 0.573247 0.768725 0.155093 0.055804
0 0.545304 0.712922 0.132275 0.046379
0 0.529762 0.670263 0.142857 0.041915
0 0.287864 0.657862 0.125992 0.041915
0 0.300430 0.699033 0.138558 0.033978
0 0.296296 0.735367 0.163360 0.048115
0 0.290013 0.581225 0.084656 0.033978
0 0.289021 0.557168 0.095238 0.029514
0 0.288856 0.525422 0.090939 0.031002
0 0.555556 0.563368 0.099206 0.041915
0 0.463624 0.548611 0.093254 0.037202
0 0.433697 0.528522 0.070437 0.034226
0 0.530754 0.488219 0.062169 0.031002
0 0.495701 0.478795 0.066138 0.031002
0 0.459491 0.471106 0.072421 0.021577
0 0.371528 0.465774 0.057870 0.026290
