0 0.534102 0.720899 0.106399 0.066138
0 0.517609 0.658730 0.089782 0.074074
0 0.501612 0.604497 0.086062 0.053571
0 0.320188 0.602844 0.089782 0.062831
0 0.320809 0.643022 0.107391 0.051918
0 0.317956 0.691138 0.101687 0.069444
0 0.317956 0.511574 0.059028 0.044312
0 0.319692 0.484954 0.071925 0.047288
0 0.319692 0.444610 0.067460 0.039352
0 0.452505 0.472222 0.066220 0.037698
0 0.436632 0.451720 0.050843 0.037698
0 0.504464 0.458829 0.068452 0.039352
0 0.525174 0.487269 0.069692 0.042659
0 0.330357 0.357970 0.043651 0.042659
0 0.387649 0.377811 0.037698 0.043981
0 0.428447 0.384094 0.038938 0.043981
0 0.454985 0.387235 0.044891 0.041005
0 0.478547 0.395833 0.051835 0.052249
0 0.509921 0.410714 0.046131 0.041005
