0 0.509094 0.669519 0.109458 0.040427
0 0.544147 0.710565 0.138558 0.048115
0 0.558697 0.764137 0.146495 0.046627
0 0.284722 0.692088 0.132275 0.044891
0 0.284888 0.661830 0.120040 0.046379
0 0.280754 0.737723 0.177910 0.055804
0 0.278770 0.581969 0.082672 0.035466
0 0.285880 0.557168 0.101521 0.032490
0 0.280754 0.523810 0.086640 0.034226
0 0.362434 0.461806 0.051587 0.037202
0 0.433697 0.524678 0.070437 0.029514
0 0.452216 0.546379 0.086971 0.038690
0 0.543155 0.560268 0.107474 0.035714
0 0.514220 0.533110 0.086640 0.031002
0 0.530754 0.490575 0.070106 0.038690
0 0.460483 0.478919 0.041336 0.040179
0 0.495536 0.475694 0.041336 0.024802
0 0.451224 0.463418 0.063823 0.040427
