0 0.026389 0.478125 0.050926 0.047917
0 0.397685 0.659722 0.171296 0.070833
0 0.375463 0.451042 0.054630 0.042361
0 0.427778 0.448611 0.066667 0.040278
0 0.500000 0.445833 0.062963 0.052778
0 0.537500 0.445486 0.076852 0.040972
0 0.581944 0.453819 0.080556 0.057639
0 0.628704 0.457639 0.070370 0.055556
0 0.680556 0.461111 0.064815 0.051389
0 0.732407 0.463542 0.064815 0.056250
0 0.783333 0.471181 0.068519 0.053472
0 0.837500 0.474306 0.063889 0.050000
0 0.892593 0.473958 0.062963 0.059028
0 0.954167 0.482639 0.073148 0.056944
0 0.356481 0.498264 0.120370 0.046528
0 0.446759 0.496875 0.080556 0.046528
0 0.497222 0.503472 0.085185 0.048611
0 0.555556 0.509028 0.085185 0.050000
0 0.614815 0.517014 0.087037 0.060417
0 0.665278 0.520833 0.078704 0.055556
0 0.722685 0.528819 0.076852 0.061806
0 0.798148 0.538542 0.087037 0.060417
0 0.868519 0.547917 0.090741 0.068056
0 0.937963 0.552083 0.075926 0.066667
0 0.988889 0.558681 0.022222 0.061806
0 0.199537 0.513542 0.104630 0.056250
0 0.291667 0.521875 0.096296 0.057639
0 0.338426 0.529514 0.104630 0.063194
0 0.394444 0.538542 0.109259 0.060417
0 0.489815 0.555208 0.094444 0.063194
0 0.556481 0.560764 0.090741 0.057639
0 0.625926 0.570139 0.092593 0.072222
0 0.690741 0.576042 0.092593 0.081250
0 0.760648 0.583681 0.104630 0.072917
0 0.840278 0.597917 0.099074 0.086111
0 0.923611 0.608333 0.084259 0.086111
