0 0.053323 0.591931 0.049603 0.066138
0 0.093006 0.591104 0.053075 0.067791
0 0.137897 0.585483 0.046131 0.059854
0 0.168527 0.569940 0.048363 0.059854
0 0.209821 0.573743 0.041171 0.054894
0 0.251736 0.557209 0.042659 0.056878
0 0.286086 0.552579 0.042411 0.056878
0 0.318452 0.541501 0.046131 0.056548
0 0.350942 0.538360 0.042659 0.053571
0 0.388145 0.533565 0.046131 0.056548
0 0.450149 0.518684 0.047123 0.051918
0 0.476811 0.509259 0.038938 0.048942
0 0.506200 0.501323 0.043651 0.054894
0 0.534598 0.499008 0.048363 0.050265
0 0.564112 0.496528 0.050843 0.055225
0 0.589038 0.486442 0.055556 0.056878
0 0.616195 0.481647 0.050843 0.050595
0 0.643849 0.473710 0.049603 0.056548
0 0.668651 0.473049 0.052083 0.048611
0 0.692336 0.469907 0.051835 0.042328
0 0.723586 0.465112 0.048363 0.048611
0 0.747148 0.462632 0.048363 0.053571
0 0.788070 0.456515 0.054315 0.056548
0 0.841146 0.447751 0.042411 0.045635
0 0.055184 0.676918 0.069692 0.069444
0 0.036210 0.744544 0.071925 0.097553
0 0.105903 0.662037 0.071925 0.089947
0 0.137773 0.718750 0.048363 0.089616
0 0.153770 0.654927 0.052083 0.081680
0 0.198661 0.641534 0.056548 0.064815
0 0.247024 0.632771 0.061508 0.075728
0 0.287202 0.626488 0.052083 0.075728
0 0.330233 0.613261 0.050843 0.077050
0 0.373512 0.601356 0.059028 0.075728
0 0.411830 0.594246 0.062748 0.064815
0 0.446677 0.575397 0.052083 0.058201
0 0.486855 0.570602 0.052083 0.055225
0 0.519965 0.564319 0.063740 0.051918
0 0.556424 0.554067 0.054315 0.059854
0 0.580729 0.540840 0.069692 0.064484
0 0.617312 0.539187 0.058036 0.055225
0 0.654514 0.535053 0.061508 0.066138
0 0.685888 0.525794 0.057788 0.050265
0 0.709945 0.522487 0.066220 0.053571
0 0.746528 0.513889 0.059028 0.048942
0 0.805060 0.498181 0.064980 0.048611
0 0.832837 0.497520 0.056548 0.043981
0 0.193328 0.703704 0.057788 0.078704
0 0.245784 0.680060 0.059028 0.084987
0 0.290799 0.674438 0.054315 0.080357
0 0.343378 0.661210 0.057788 0.081680
0 0.384673 0.648644 0.055556 0.075728
0 0.434772 0.632771 0.059028 0.075728
0 0.469618 0.628803 0.057788 0.067791
0 0.512153 0.614087 0.055556 0.066138
0 0.549479 0.598876 0.063740 0.070767
0 0.587178 0.591104 0.061260 0.071098
0 0.629712 0.582507 0.059028 0.072421
0 0.664559 0.569940 0.072173 0.075728
0 0.700645 0.566634 0.070933 0.072421
0 0.736607 0.558036 0.058036 0.058532
0 0.766121 0.553406 0.079365 0.064484
0 0.803943 0.543816 0.060268 0.067791
0 0.828125 0.538360 0.059028 0.062831
