0 0.091642 0.761905 0.092014 0.056878
0 0.064608 0.714616 0.070188 0.054233
0 0.095114 0.694775 0.063740 0.049603
0 0.130704 0.671462 0.062004 0.041336
0 0.160218 0.663856 0.057540 0.042659
0 0.353795 0.610119 0.031994 0.034392
0 0.373636 0.606151 0.031002 0.033069
0 0.404762 0.600033 0.025794 0.035384
0 0.423363 0.599041 0.025794 0.035384
0 0.443204 0.603836 0.028274 0.033069
0 0.459697 0.600198 0.027530 0.037698
0 0.476935 0.601356 0.024802 0.040013
0 0.496900 0.603009 0.025546 0.041336
0 0.519469 0.601356 0.019593 0.035384
0 0.538442 0.600198 0.025794 0.040344
0 0.559772 0.598380 0.022321 0.043981
0 0.580481 0.597057 0.023065 0.041336
0 0.626116 0.597884 0.027530 0.044974
0 0.647445 0.597884 0.029018 0.044974
0 0.670883 0.597222 0.030258 0.048280
0 0.692584 0.597222 0.034474 0.039021
0 0.720114 0.596561 0.034474 0.040344
0 0.746652 0.596561 0.039931 0.044974
0 0.768353 0.596561 0.042659 0.044974
0 0.794023 0.594246 0.045883 0.046958
0 0.817956 0.594907 0.042659 0.039021
0 0.847594 0.597222 0.039931 0.039021
0 0.873760 0.594907 0.049603 0.043651
0 0.911830 0.599702 0.047867 0.041336
0 0.955729 0.603671 0.055804 0.044643
0 0.266493 0.677579 0.046875 0.039021
0 0.308284 0.672784 0.045139 0.048611
0 0.343626 0.647983 0.055804 0.032077
0 0.335193 0.677579 0.047867 0.060185
0 0.358631 0.684028 0.045139 0.063823
0 0.387029 0.647983 0.041419 0.048611
0 0.410590 0.641534 0.038938 0.058862
0 0.434028 0.642030 0.038194 0.048611
0 0.456969 0.646329 0.031002 0.051918
0 0.474330 0.642030 0.035466 0.048611
0 0.502232 0.643849 0.032738 0.052249
0 0.528646 0.647321 0.031002 0.047288
0 0.554936 0.645668 0.030010 0.050595
0 0.578869 0.646329 0.037202 0.047288
0 0.610243 0.645668 0.041419 0.053241
0 0.636781 0.645668 0.037946 0.048611
0 0.666915 0.642692 0.038194 0.047288
0 0.697049 0.642030 0.046875 0.053241
0 0.725818 0.643849 0.045883 0.049603
0 0.760417 0.646825 0.053075 0.048280
0 0.794023 0.650959 0.053323 0.056548
0 0.828621 0.647487 0.055060 0.049603
0 0.857887 0.657573 0.058532 0.057870
0 0.894469 0.646825 0.068204 0.062831
0 0.937624 0.654597 0.072669 0.051918
0 0.963418 0.651455 0.073165 0.060185
0 0.408234 0.685847 0.038194 0.055556
0 0.434028 0.682209 0.038194 0.060185
0 0.462302 0.686343 0.034722 0.061177
0 0.491567 0.683532 0.038194 0.060185
0 0.520833 0.684524 0.032738 0.060185
0 0.550471 0.689319 0.030010 0.057870
0 0.582837 0.685847 0.036210 0.060185
0 0.612971 0.689319 0.043403 0.057870
0 0.648313 0.689319 0.045139 0.062500
0 0.681548 0.686343 0.046131 0.059193
0 0.716518 0.689815 0.052083 0.061508
0 0.757316 0.691634 0.061260 0.069775
0 0.793651 0.685681 0.066468 0.079034
0 0.836558 0.696429 0.060020 0.064815
0 0.876860 0.697090 0.066220 0.066138
0 0.920263 0.699405 0.073661 0.070767
0 0.960317 0.690972 0.079365 0.080357
