0 0.184152 0.643188 0.034474 0.043651
0 0.215154 0.631944 0.043403 0.044974
0 0.254092 0.623677 0.039931 0.044974
0 0.277158 0.621858 0.034474 0.041336
0 0.300223 0.614418 0.025546 0.044974
0 0.322793 0.610119 0.031994 0.039021
0 0.345486 0.609623 0.029266 0.044643
0 0.370164 0.604332 0.027530 0.045966
0 0.388889 0.603671 0.029266 0.038029
0 0.412698 0.597057 0.027282 0.041336
0 0.431796 0.595403 0.021329 0.044643
0 0.452629 0.595899 0.023810 0.039021
0 0.494668 0.585979 0.030010 0.044974
0 0.513269 0.580192 0.028522 0.035384
0 0.529142 0.577712 0.030010 0.040344
0 0.550099 0.574239 0.029266 0.035384
0 0.571677 0.572917 0.033730 0.035384
0 0.592138 0.570602 0.035466 0.035384
0 0.608011 0.569444 0.035466 0.035714
0 0.625744 0.562996 0.033730 0.034061
0 0.648313 0.563492 0.034722 0.033069
0 0.665551 0.556548 0.038938 0.033069
0 0.681548 0.553571 0.042659 0.034392
0 0.701513 0.554067 0.034474 0.035384
0 0.731523 0.554729 0.034474 0.036706
0 0.776786 0.543981 0.038194 0.034392
0 0.796255 0.543485 0.041419 0.030754
0 0.821553 0.542824 0.051339 0.036706
0 0.914435 0.552910 0.065476 0.037698
0 0.171751 0.688161 0.071677 0.031746
0 0.230655 0.674603 0.049603 0.058862
0 0.263393 0.668651 0.053075 0.056878
0 0.290427 0.666336 0.045139 0.058862
0 0.317956 0.663360 0.047123 0.060185
0 0.344866 0.655754 0.035466 0.044974
0 0.371528 0.655093 0.030258 0.048280
0 0.397197 0.643849 0.042411 0.044974
0 0.431300 0.644511 0.036210 0.048280
0 0.452133 0.636905 0.037202 0.049603
0 0.475570 0.626157 0.037946 0.047288
0 0.503968 0.627315 0.034722 0.033069
0 0.531870 0.625000 0.031994 0.037698
0 0.557540 0.623181 0.031746 0.041336
0 0.581473 0.611276 0.040923 0.041336
0 0.601811 0.608466 0.047867 0.040344
0 0.627480 0.605985 0.044147 0.040013
0 0.651414 0.603671 0.040923 0.047288
0 0.671379 0.598876 0.047123 0.044974
0 0.695685 0.594246 0.056548 0.042328
0 0.721478 0.592923 0.053075 0.033069
0 0.740079 0.587136 0.049603 0.040013
0 0.762649 0.584821 0.050595 0.035384
0 0.796255 0.581184 0.075149 0.042659
0 0.823785 0.574735 0.059276 0.048280
0 0.857391 0.575397 0.052083 0.042328
0 0.888765 0.580688 0.060268 0.050926
0 0.054936 0.758433 0.089534 0.051918
0 0.121280 0.734292 0.071925 0.074405
0 0.161210 0.726025 0.069940 0.079034
0 0.196677 0.727017 0.057540 0.086310
0 0.260293 0.716601 0.046875 0.072090
0 0.295387 0.709987 0.046131 0.068783
0 0.332961 0.697586 0.039931 0.067130
0 0.363963 0.694610 0.037946 0.068452
0 0.393229 0.686343 0.036458 0.063823
0 0.429191 0.687004 0.038938 0.065146
0 0.459697 0.678571 0.039931 0.060185
0 0.485367 0.667989 0.038194 0.060185
0 0.515501 0.666832 0.043403 0.053241
0 0.547371 0.658565 0.047123 0.050595
0 0.576141 0.657407 0.049603 0.050926
0 0.603175 0.647983 0.047123 0.053241
0 0.630580 0.637401 0.052331 0.053241
0 0.657614 0.636243 0.054812 0.050926
0 0.686756 0.633763 0.049603 0.057870
0 0.712054 0.626157 0.048611 0.059193
0 0.742188 0.622024 0.048859 0.046296
0 0.767485 0.619048 0.047867 0.042328
0 0.789187 0.613757 0.050595 0.050926
0 0.825025 0.612599 0.056796 0.053241
