0 0.030556 0.473958 0.059259 0.061806
0 0.089815 0.477083 0.070370 0.052778
0 0.204167 0.468750 0.062037 0.051389
0 0.256481 0.464583 0.066667 0.051389
0 0.302778 0.463194 0.074074 0.051389
0 0.352315 0.457639 0.073148 0.047222
0 0.403704 0.455556 0.070370 0.051389
0 0.450463 0.457639 0.080556 0.047222
0 0.493981 0.450694 0.078704 0.051389
0 0.535185 0.450000 0.072222 0.052778
0 0.581481 0.446181 0.064815 0.047917
0 0.619907 0.442361 0.067593 0.050000
0 0.659259 0.437847 0.077778 0.059028
0 0.702315 0.442708 0.080556 0.046528
0 0.759722 0.438542 0.062037 0.042361
0 0.850463 0.438542 0.065741 0.042361
0 0.888889 0.434375 0.074074 0.042361
0 0.934722 0.438889 0.067593 0.045833
0 0.032870 0.546181 0.063889 0.060417
0 0.099537 0.541319 0.086111 0.054861
0 0.171296 0.532986 0.092593 0.064583
0 0.237500 0.530208 0.084259 0.061806
0 0.304167 0.525347 0.080556 0.061806
0 0.366204 0.522569 0.084259 0.064583
0 0.417593 0.512847 0.087037 0.063194
0 0.484259 0.506597 0.098148 0.065972
0 0.539352 0.504514 0.076852 0.059028
0 0.586574 0.498611 0.075000 0.050000
0 0.626852 0.501389 0.098148 0.050000
0 0.685648 0.492361 0.102778 0.052778
0 0.735648 0.496181 0.095370 0.054861
0 0.779630 0.490278 0.094444 0.051389
0 0.818056 0.486111 0.106481 0.052778
0 0.854167 0.484722 0.106481 0.055556
0 0.891667 0.480208 0.105556 0.049306
0 0.937963 0.479514 0.109259 0.047917
0 0.979167 0.479514 0.041667 0.050694
0 0.032870 0.603472 0.063889 0.069444
0 0.108796 0.595833 0.080556 0.075000
0 0.188889 0.589236 0.096296 0.077083
0 0.265741 0.583681 0.096296 0.072917
0 0.342130 0.568056 0.104630 0.068056
0 0.402315 0.559375 0.108333 0.075694
0 0.467130 0.557986 0.108333 0.072917
0 0.534259 0.547222 0.122222 0.069444
0 0.593981 0.549653 0.108333 0.067361
0 0.648148 0.540625 0.088889 0.059028
0 0.704167 0.536111 0.104630 0.062500
0 0.753704 0.530208 0.114815 0.061806
0 0.806944 0.525000 0.104630 0.054167
0 0.859259 0.522569 0.116667 0.061806
0 0.913889 0.517708 0.109259 0.061806
