0 0.128968 0.705357 0.080357 0.082011
0 0.147941 0.642361 0.075645 0.069114
0 0.182044 0.616402 0.077877 0.061508
0 0.218750 0.603009 0.065972 0.059854
0 0.241691 0.590278 0.076637 0.056878
0 0.219370 0.702216 0.097966 0.088294
0 0.405258 0.632110 0.068452 0.064484
0 0.490947 0.549438 0.041419 0.050595
0 0.524554 0.546296 0.040179 0.053571
0 0.568328 0.539848 0.042411 0.059854
0 0.601438 0.544643 0.037698 0.062831
0 0.633805 0.550265 0.036458 0.058201
0 0.665799 0.550926 0.038938 0.062831
0 0.697049 0.558036 0.035466 0.061177
0 0.733631 0.561177 0.035218 0.061508
0 0.768477 0.564980 0.038938 0.072421
0 0.806796 0.569940 0.037698 0.072421
0 0.845238 0.574570 0.036706 0.079034
0 0.887153 0.571429 0.042659 0.072751
0 0.970734 0.580026 0.058532 0.070767
0 0.994916 0.582507 0.010169 0.050595
0 0.500372 0.599702 0.072173 0.047288
0 0.568824 0.603671 0.041419 0.071098
0 0.603671 0.606151 0.047123 0.062831
0 0.640377 0.612269 0.049603 0.059854
0 0.679315 0.624835 0.047123 0.072421
0 0.721230 0.628968 0.046131 0.074074
0 0.760913 0.638393 0.049603 0.077050
0 0.811012 0.639881 0.058036 0.077381
0 0.856399 0.644676 0.059028 0.083664
0 0.906126 0.654101 0.063740 0.077381
0 0.961682 0.653274 0.063740 0.069114
0 0.987847 0.657242 0.024306 0.051918
0 0.464410 0.630456 0.056796 0.067791
0 0.504464 0.636739 0.068452 0.067791
0 0.542907 0.654101 0.058036 0.074074
0 0.617932 0.668981 0.047371 0.078704
0 0.665179 0.670635 0.049603 0.075397
0 0.712426 0.676918 0.054315 0.078704
0 0.759673 0.686343 0.052083 0.081680
0 0.813368 0.688823 0.057788 0.086640
0 0.864087 0.702877 0.064980 0.096230
0 0.922619 0.706845 0.063988 0.088294
0 0.970734 0.710813 0.058532 0.096230
