0 0.029762 0.706184 0.059028 0.064484
0 0.090030 0.695106 0.068452 0.099206
0 0.117684 0.583168 0.060268 0.055225
0 0.158482 0.569775 0.052083 0.053571
0 0.220486 0.558862 0.048611 0.062831
0 0.249380 0.550926 0.047371 0.066138
0 0.287822 0.547784 0.041419 0.059854
0 0.320312 0.541501 0.037946 0.063161
0 0.355159 0.540675 0.036706 0.054894
0 0.385169 0.536045 0.040179 0.058201
0 0.420635 0.531911 0.040179 0.059854
0 0.453745 0.528108 0.037946 0.058201
0 0.478547 0.519345 0.042411 0.047288
0 0.514013 0.520172 0.032986 0.048942
0 0.574777 0.513228 0.041419 0.056878
0 0.604911 0.506944 0.040179 0.050265
0 0.632688 0.502811 0.048611 0.051918
0 0.665179 0.497354 0.049603 0.056878
0 0.699405 0.492725 0.052083 0.056878
0 0.727059 0.485615 0.050843 0.061177
0 0.755456 0.483300 0.055556 0.056548
0 0.785590 0.476852 0.047371 0.050265
0 0.818576 0.475364 0.054315 0.053241
0 0.841146 0.473049 0.051835 0.055225
0 0.871280 0.470569 0.064980 0.066138
0 0.910838 0.471561 0.047371 0.045635
0 0.950397 0.458829 0.053075 0.058532
0 0.132440 0.640708 0.099206 0.047288
0 0.140749 0.691138 0.063740 0.087963
0 0.192088 0.683201 0.060268 0.082011
0 0.218750 0.625000 0.052083 0.069444
0 0.261905 0.613922 0.055556 0.069114
0 0.300223 0.610780 0.044891 0.062831
0 0.280134 0.667493 0.054315 0.084987
0 0.338046 0.607639 0.047123 0.069114
0 0.378224 0.598876 0.049603 0.061508
0 0.419519 0.600529 0.047371 0.061508
0 0.459077 0.594246 0.055556 0.054894
0 0.532242 0.569940 0.055556 0.059854
0 0.572421 0.566138 0.050595 0.053571
0 0.606647 0.564484 0.050595 0.062831
0 0.648065 0.561343 0.053075 0.056548
0 0.684028 0.555060 0.061508 0.056548
0 0.718874 0.548776 0.057788 0.063161
0 0.759549 0.547288 0.066220 0.066138
0 0.793279 0.543981 0.060268 0.053571
0 0.832837 0.534557 0.054563 0.056548
0 0.862847 0.532077 0.064980 0.061508
0 0.901910 0.527447 0.067212 0.054894
0 0.945561 0.523644 0.069692 0.047288
0 0.967262 0.518022 0.065476 0.051918
0 0.329117 0.671627 0.053075 0.091270
0 0.377604 0.656581 0.050843 0.073743
0 0.422495 0.649471 0.048363 0.078704
0 0.467882 0.644841 0.056796 0.066138
0 0.509921 0.639385 0.055556 0.067791
0 0.549975 0.630622 0.048363 0.066138
0 0.589038 0.618882 0.053075 0.077050
0 0.634425 0.609458 0.073413 0.099206
0 0.676959 0.601521 0.068700 0.086640
0 0.718254 0.600694 0.070933 0.081680
0 0.763765 0.599041 0.072173 0.088294
0 0.805680 0.581845 0.080109 0.084987
0 0.852927 0.587302 0.070933 0.074074
0 0.891369 0.579530 0.064980 0.077050
0 0.926215 0.573082 0.075645 0.083333
0 0.960069 0.558862 0.079861 0.083333
