0 0.108259 0.672950 0.216022 0.335317
0 0.374008 0.573743 0.253968 0.193783
0 0.477927 0.558862 0.199405 0.148148
0 0.535218 0.546958 0.172619 0.124339
0 0.590774 0.543981 0.177083 0.124339
0 0.659846 0.536706 0.152530 0.094577
0 0.706473 0.530589 0.129712 0.084987
0 0.155010 0.537533 0.177083 0.108796
0 0.226935 0.528935 0.167659 0.113426
0 0.965402 0.532077 0.069196 0.075397
0 0.898934 0.528935 0.066220 0.069114
0 0.832837 0.524140 0.068452 0.062831
0 0.773313 0.517196 0.074405 0.074074
0 0.719494 0.517030 0.059028 0.055225
