0 0.126736 0.688426 0.236806 0.206481
0 0.747569 0.895833 0.399306 0.208333
0 0.791319 0.753241 0.368750 0.245370
0 0.277778 0.511111 0.170833 0.140741
0 0.336111 0.440741 0.145833 0.114815
0 0.372569 0.382407 0.129861 0.101852
0 0.413889 0.341204 0.133333 0.104630
0 0.442014 0.305556 0.129861 0.079630
0 0.470833 0.271759 0.126389 0.089815
0 0.511458 0.243981 0.118750 0.080556
0 0.834028 0.341667 0.187500 0.118519
0 0.854514 0.257407 0.192361 0.109259
0 0.845833 0.192593 0.156944 0.074074
0 0.739583 0.154167 0.062500 0.080556
0 0.689931 0.156019 0.059028 0.080556
0 0.641667 0.154630 0.066667 0.083333
0 0.593750 0.137963 0.072222 0.083333
0 0.550000 0.141667 0.061111 0.075926
0 0.503819 0.143981 0.057639 0.076852
0 0.456250 0.137963 0.048611 0.077778
0 0.122569 0.383796 0.178472 0.117593
0 0.232292 0.341204 0.134028 0.099074
0 0.273264 0.294444 0.118750 0.077778
0 0.344444 0.231944 0.126389 0.084259
0 0.418403 0.196296 0.114583 0.057407
