0 0.228609 0.772889 0.329122 0.454222
0 0.255004 0.561546 0.152990 0.129196
0 0.284401 0.531282 0.132725 0.115463
0 0.293970 0.495041 0.094321 0.074517
0 0.306042 0.460834 0.052915 0.041200
0 0.804541 0.719100 0.316612 0.373601
0 0.749124 0.580239 0.179009 0.158444
0 0.724106 0.538021 0.134726 0.109613
0 0.711596 0.511699 0.115462 0.099695
0 0.692394 0.481434 0.075056 0.062564
0 0.593257 0.480290 0.040405 0.056714
0 0.509570 0.493133 0.065424 0.078332
0 0.483112 0.480290 0.060545 0.068413
0 0.466225 0.473423 0.050038 0.058749
0 0.447461 0.471516 0.049037 0.062564
0 0.438391 0.461851 0.046160 0.050865
0 0.425382 0.456892 0.041406 0.045015
0 0.409995 0.456892 0.033650 0.040946
0 0.397486 0.452950 0.035652 0.048830
0 0.553353 0.470626 0.041406 0.060783
0 0.582249 0.461724 0.022142 0.035351
0 0.563485 0.452950 0.026895 0.041200
