0 0.641493 0.933532 0.233879 0.132275
0 0.699405 0.795966 0.167659 0.152778
0 0.702257 0.724206 0.138145 0.103836
0 0.698785 0.674603 0.109871 0.086640
0 0.702381 0.639220 0.114583 0.094577
0 0.702877 0.617063 0.111111 0.075397
0 0.707589 0.587963 0.099206 0.067460
0 0.719494 0.573082 0.101687 0.066138
0 0.420015 0.532738 0.060268 0.045635
0 0.438988 0.521164 0.076885 0.041005
0 0.464906 0.511574 0.050843 0.041005
0 0.654018 0.509259 0.034226 0.048942
0 0.687004 0.509259 0.036706 0.054894
0 0.721850 0.513889 0.032986 0.058201
0 0.755456 0.524140 0.034226 0.056878
0 0.797371 0.528935 0.049603 0.059854
0 0.943576 0.574735 0.112847 0.066138
0 0.957217 0.595734 0.085565 0.051918
0 0.957217 0.616237 0.085565 0.055225
0 0.969618 0.643188 0.060764 0.045635
0 0.985491 0.677745 0.029018 0.061177
