0 0.454985 0.887235 0.255208 0.152778
0 0.895709 0.799769 0.208581 0.138558
0 0.833457 0.701224 0.185268 0.118056
0 0.459573 0.689649 0.139385 0.097553
0 0.454365 0.626488 0.107639 0.059854
0 0.449653 0.583995 0.095734 0.056878
0 0.449529 0.554067 0.100446 0.059854
0 0.446057 0.532903 0.093502 0.042659
0 0.448413 0.511574 0.076885 0.044312
0 0.457837 0.496693 0.074405 0.042328
0 0.094742 0.544643 0.115575 0.053571
0 0.131944 0.520999 0.107639 0.047288
0 0.170883 0.501323 0.090774 0.045635
0 0.401290 0.448578 0.034226 0.047288
0 0.430680 0.445437 0.031994 0.050265
0 0.456101 0.442295 0.033234 0.043981
0 0.483259 0.444775 0.032986 0.045635
0 0.513393 0.446263 0.036706 0.039352
0 0.594866 0.456349 0.064732 0.041005
0 0.613095 0.485615 0.070933 0.036045
0 0.630332 0.495866 0.081597 0.038029
0 0.655630 0.516369 0.092014 0.056548
