0 0.955977 0.761905 0.088046 0.135582
0 0.607267 0.715443 0.167907 0.102183
0 0.407118 0.700562 0.175843 0.110119
0 0.568824 0.613922 0.116815 0.069114
0 0.560640 0.586310 0.091022 0.058201
0 0.546503 0.558862 0.067212 0.031746
0 0.546503 0.539848 0.069692 0.031415
0 0.421255 0.637566 0.128720 0.053571
0 0.419395 0.601356 0.108631 0.047288
0 0.425471 0.576885 0.082589 0.039352
0 0.437128 0.530423 0.075645 0.041005
0 0.227555 0.561177 0.104911 0.054894
0 0.274182 0.525794 0.087550 0.044312
0 0.531126 0.472884 0.038938 0.045635
0 0.558160 0.474702 0.029514 0.039352
0 0.580109 0.472222 0.037698 0.037698
0 0.734747 0.532903 0.085069 0.051918
0 0.712302 0.514716 0.080357 0.040675
0 0.694692 0.500496 0.080357 0.043981
0 0.675843 0.488095 0.070933 0.041005
