0 0.219990 0.623347 0.188988 0.189153
0 0.344494 0.609292 0.187996 0.163690
0 0.464906 0.592758 0.168899 0.159061
0 0.575397 0.570767 0.200893 0.177910
0 0.688120 0.573743 0.171379 0.152778
0 0.789807 0.561177 0.178323 0.146164
0 0.481523 0.748677 0.334077 0.165344
0 0.565848 0.860450 0.351935 0.203042
0 0.653274 0.906911 0.396825 0.186177
0 0.787946 0.947090 0.375496 0.105820
0 0.925223 0.970734 0.149554 0.058532
0 0.893353 0.750165 0.213294 0.174934
0 0.941840 0.806878 0.116319 0.203042
0 0.989087 0.895172 0.021825 0.086640
