0 0.371693 0.871156 0.384259 0.179812
0 0.917328 0.746280 0.165344 0.113095
0 0.875992 0.673487 0.227513 0.094494
0 0.387235 0.696677 0.196429 0.085317
0 0.380952 0.644717 0.146825 0.052827
0 0.364418 0.609871 0.134259 0.051091
0 0.363426 0.586558 0.144841 0.048115
0 0.364418 0.570437 0.130291 0.037202
0 0.364418 0.553323 0.117725 0.040179
0 0.370701 0.539311 0.097222 0.031002
0 0.337467 0.504464 0.039352 0.035714
0 0.370536 0.501364 0.043320 0.038938
0 0.409888 0.502852 0.043320 0.032490
0 0.448082 0.502852 0.045635 0.032490
0 0.564815 0.508309 0.084656 0.028026
0 0.581349 0.513765 0.080688 0.023065
0 0.616567 0.532366 0.118056 0.023065
0 0.635086 0.548611 0.109458 0.040179
