0 0.102778 0.695370 0.204167 0.218519
0 0.230208 0.505093 0.174306 0.130556
0 0.295486 0.437500 0.139583 0.112037
0 0.757639 0.732407 0.336111 0.246296
0 0.709375 0.896296 0.390972 0.207407
0 0.331597 0.376852 0.129861 0.109259
0 0.372569 0.338426 0.136806 0.089815
0 0.404861 0.301852 0.129167 0.083333
0 0.432986 0.261574 0.129861 0.084259
0 0.474306 0.237963 0.108333 0.077778
0 0.782639 0.331481 0.183333 0.103704
0 0.810417 0.249537 0.176389 0.084259
0 0.792014 0.193981 0.149306 0.084259
0 0.696181 0.156944 0.064583 0.073148
0 0.647917 0.146759 0.059722 0.080556
0 0.599653 0.144907 0.060417 0.073148
0 0.551389 0.135648 0.069444 0.082407
0 0.513194 0.135648 0.062500 0.082407
0 0.464931 0.135648 0.065972 0.082407
0 0.413542 0.126852 0.059028 0.075926
0 0.087500 0.370833 0.151389 0.100926
0 0.187500 0.327778 0.137500 0.107407
0 0.222222 0.293519 0.131944 0.079630
0 0.260417 0.255093 0.126389 0.071296
0 0.308333 0.233333 0.112500 0.077778
0 0.377083 0.189352 0.113889 0.065741
