0 0.056250 0.693519 0.111111 0.192593
0 0.623611 0.868056 0.372222 0.262037
0 0.664931 0.697685 0.318750 0.223148
0 0.147569 0.477778 0.185417 0.140741
0 0.205556 0.405093 0.158333 0.123148
0 0.251736 0.344907 0.143750 0.112037
0 0.287500 0.298148 0.151389 0.109259
0 0.320139 0.267130 0.143056 0.089815
0 0.353125 0.227315 0.129861 0.086111
0 0.394444 0.204630 0.112500 0.087037
0 0.701042 0.310648 0.174306 0.113889
0 0.716319 0.226852 0.175694 0.103704
0 0.705903 0.167593 0.147917 0.094444
0 0.573958 0.122685 0.059028 0.076852
0 0.519792 0.124537 0.053472 0.080556
0 0.479167 0.106019 0.063889 0.084259
0 0.427083 0.102778 0.050000 0.077778
0 0.388194 0.099074 0.056944 0.070370
0 0.339236 0.094444 0.059028 0.066667
0 0.290972 0.155093 0.123611 0.063889
0 0.222222 0.193519 0.127778 0.066667
0 0.173264 0.225000 0.136806 0.070370
0 0.128819 0.249537 0.136806 0.073148
0 0.104514 0.299074 0.124306 0.092593
0 0.038889 0.344444 0.075000 0.101852
