0 0.076736 0.693981 0.152083 0.215741
0 0.652431 0.887963 0.365972 0.224074
0 0.703472 0.719907 0.309722 0.225000
0 0.179861 0.487500 0.181944 0.149074
0 0.239583 0.415278 0.151389 0.121296
0 0.278472 0.360185 0.137500 0.112963
0 0.321181 0.317130 0.143750 0.110185
0 0.354861 0.281944 0.130556 0.076852
0 0.383333 0.247222 0.126389 0.088889
0 0.424306 0.216667 0.119444 0.087037
0 0.736111 0.317593 0.173611 0.109259
0 0.746875 0.246296 0.159028 0.103704
0 0.740625 0.181481 0.135417 0.075926
0 0.647917 0.143056 0.075000 0.082407
0 0.602431 0.142593 0.059028 0.077778
0 0.553472 0.133796 0.054167 0.073148
0 0.510764 0.124074 0.063194 0.077778
0 0.457986 0.122222 0.047917 0.066667
0 0.412153 0.116667 0.052083 0.074074
0 0.368056 0.110648 0.056944 0.071296
0 0.326389 0.168981 0.122222 0.060185
0 0.265278 0.208333 0.102778 0.066667
0 0.215972 0.237963 0.108333 0.074074
0 0.160764 0.271296 0.150694 0.064815
0 0.131250 0.313889 0.138889 0.098148
0 0.053819 0.345833 0.097917 0.108333
