0 0.521495 0.545635 0.084656 0.037202
0 0.550430 0.537698 0.084987 0.037202
0 0.572090 0.531622 0.086640 0.040427
0 0.867725 0.536210 0.053571 0.049603
0 0.925430 0.539311 0.057870 0.055804
0 0.978340 0.544767 0.043320 0.060268
0 0.814980 0.920015 0.370040 0.159970
0 0.888393 0.794271 0.223214 0.144097
0 0.912202 0.731523 0.175595 0.105407
0 0.920470 0.684276 0.159061 0.085317
0 0.916336 0.648562 0.167328 0.075893
0 0.925595 0.632440 0.148810 0.062004
0 0.928737 0.609127 0.142526 0.059028
0 0.942130 0.585069 0.115741 0.023313
