0 0.248884 0.680886 0.171379 0.089947
0 0.246528 0.627315 0.161706 0.061508
0 0.247024 0.596561 0.139385 0.050265
0 0.775546 0.750165 0.171131 0.118056
0 0.710565 0.696594 0.126488 0.102183
0 0.677579 0.645503 0.154762 0.107143
0 0.610863 0.619378 0.127480 0.083333
0 0.568948 0.594907 0.121528 0.078704
0 0.553571 0.568122 0.114583 0.066138
0 0.519345 0.525794 0.102679 0.056878
0 0.441840 0.493552 0.063740 0.067791
0 0.517609 0.482474 0.059028 0.052249
0 0.555308 0.479332 0.054563 0.061177
0 0.590774 0.480159 0.049603 0.053571
0 0.622024 0.476852 0.064980 0.050265
0 0.656250 0.537533 0.076885 0.055225
0 0.689360 0.552579 0.081597 0.056878
0 0.720610 0.570602 0.087550 0.051918
0 0.771949 0.586310 0.100446 0.061508
0 0.842262 0.618717 0.115575 0.078704
0 0.908358 0.653439 0.115823 0.078704
0 0.957713 0.703704 0.084573 0.125661
