0 0.134028 0.750463 0.266667 0.287963
0 0.290625 0.762500 0.243750 0.276852
0 0.500347 0.744907 0.178472 0.265741
0 0.673264 0.743519 0.224306 0.235185
0 0.812847 0.691204 0.247917 0.206481
0 0.836806 0.625463 0.166667 0.080556
0 0.797917 0.603704 0.131944 0.074074
0 0.740972 0.591204 0.133333 0.069444
0 0.713542 0.577315 0.131250 0.069444
0 0.682292 0.569444 0.097917 0.051852
0 0.656944 0.560648 0.093056 0.054630
0 0.643403 0.552315 0.090972 0.050926
0 0.029861 0.567593 0.058333 0.083333
0 0.103125 0.567130 0.117361 0.062037
0 0.177083 0.570370 0.094444 0.074074
0 0.247569 0.568056 0.092361 0.069444
0 0.317708 0.574537 0.077083 0.069444
0 0.375694 0.571296 0.063889 0.066667
0 0.445833 0.577315 0.058333 0.063889
0 0.515625 0.563426 0.054861 0.054630
0 0.461806 0.539352 0.026389 0.036111
0 0.427431 0.538426 0.035417 0.043519
0 0.390625 0.537963 0.038194 0.042593
0 0.275000 0.543981 0.069444 0.050926
