0 0.114931 0.811111 0.225694 0.227778
0 0.811111 0.872685 0.361111 0.241667
0 0.714931 0.957870 0.332639 0.084259
0 0.268056 0.611574 0.165278 0.143519
0 0.327083 0.548148 0.145833 0.118519
0 0.363194 0.494907 0.131944 0.104630
0 0.402778 0.458333 0.144444 0.098148
0 0.434028 0.415741 0.131944 0.088889
0 0.462847 0.380093 0.121528 0.091667
0 0.502778 0.353704 0.112500 0.083333
0 0.814583 0.459722 0.190278 0.113889
0 0.824653 0.366204 0.186806 0.106481
0 0.818750 0.315278 0.161111 0.086111
0 0.678819 0.275463 0.061806 0.082407
0 0.626389 0.271296 0.056944 0.083333
0 0.584375 0.263426 0.059028 0.078704
0 0.538542 0.265278 0.054861 0.076852
0 0.495833 0.262500 0.055556 0.075000
0 0.451042 0.259259 0.047917 0.068519
0 0.236458 0.453704 0.121528 0.098148
0 0.264931 0.417130 0.117361 0.065741
0 0.298264 0.377315 0.122917 0.071296
0 0.344444 0.360648 0.115278 0.063889
0 0.414583 0.318519 0.109722 0.055556
0 0.086806 0.537037 0.145833 0.116667
0 0.138542 0.489352 0.153472 0.093519
