0 0.115984 0.679739 0.170343 0.112045
0 0.945466 0.720121 0.109069 0.143324
0 0.840686 0.669468 0.112045 0.116713
0 0.291054 0.921569 0.289391 0.156863
0 0.243172 0.890523 0.219538 0.191410
0 0.194765 0.822129 0.208859 0.163399
0 0.165004 0.769841 0.184349 0.140056
0 0.560662 0.820495 0.184349 0.160131
0 0.108368 0.544234 0.066527 0.071662
0 0.165004 0.523226 0.067752 0.063725
0 0.264706 0.503735 0.066527 0.056022
0 0.304972 0.489029 0.063025 0.060691
0 0.448617 0.483543 0.079307 0.059057
0 0.480655 0.496732 0.089811 0.060691
0 0.509891 0.515523 0.085259 0.054388
0 0.551296 0.528011 0.093487 0.060691
0 0.014881 0.580065 0.029412 0.065359
