0 0.060764 0.566667 0.120139 0.081481
0 0.121181 0.747685 0.240972 0.315741
0 0.268750 0.749537 0.227778 0.271296
0 0.483333 0.724537 0.176389 0.254630
0 0.651389 0.707407 0.213889 0.201852
0 0.789931 0.670833 0.256250 0.213889
0 0.818056 0.593981 0.119444 0.073148
0 0.757639 0.579630 0.108333 0.064815
0 0.709028 0.567593 0.137500 0.064815
0 0.678819 0.555093 0.122917 0.071296
0 0.646875 0.547685 0.090972 0.056481
0 0.617014 0.546759 0.072917 0.036111
0 0.602083 0.535648 0.069444 0.037963
0 0.139583 0.558796 0.105556 0.078704
0 0.212500 0.558333 0.094444 0.074074
0 0.286458 0.562500 0.078472 0.063889
0 0.347222 0.561111 0.070833 0.077778
0 0.419097 0.561111 0.059028 0.074074
0 0.487847 0.548611 0.057639 0.058333
0 0.164236 0.536574 0.054861 0.039815
0 0.237847 0.537037 0.072917 0.053704
0 0.294097 0.536111 0.047917 0.042593
0 0.393403 0.543981 0.049306 0.045370
0 0.427431 0.523611 0.035417 0.037963
0 0.396528 0.525000 0.031944 0.029630
