0 0.470899 0.589782 0.111772 0.038690
0 0.529762 0.575025 0.101190 0.033978
0 0.653770 0.736979 0.250000 0.109871
0 0.686839 0.689732 0.192460 0.071429
0 0.696098 0.660342 0.185847 0.055804
0 0.718915 0.636161 0.161376 0.048115
0 0.731316 0.608383 0.153108 0.051091
0 0.938988 0.845486 0.122024 0.131944
0 0.933862 0.730779 0.132275 0.094494
0 0.920470 0.687376 0.159061 0.054315
0 0.919312 0.661086 0.161376 0.044891
0 0.931713 0.634673 0.136574 0.038690
0 0.893519 0.575149 0.068122 0.037202
0 0.957507 0.578125 0.059854 0.040179
0 0.985450 0.579737 0.029101 0.043403
