0 0.146181 0.732870 0.290972 0.293519
0 0.320139 0.735185 0.209722 0.274074
0 0.520139 0.714815 0.183333 0.262963
0 0.699653 0.711574 0.227083 0.223148
0 0.852431 0.683796 0.274306 0.249074
0 0.872569 0.584259 0.124306 0.059259
0 0.826389 0.574074 0.131944 0.085185
0 0.772569 0.561111 0.139583 0.068519
0 0.739583 0.543981 0.137500 0.073148
0 0.711806 0.544907 0.118056 0.056481
0 0.676736 0.529167 0.092361 0.047222
0 0.656944 0.522685 0.079167 0.041667
0 0.469444 0.553241 0.063889 0.069444
0 0.400347 0.551389 0.067361 0.073148
0 0.341319 0.554630 0.071528 0.066667
0 0.277431 0.551389 0.088194 0.078704
0 0.212847 0.551852 0.090972 0.066667
0 0.143056 0.553704 0.108333 0.064815
0 0.069097 0.556019 0.092361 0.063889
0 0.542014 0.533796 0.063194 0.052778
0 0.487500 0.513426 0.045833 0.045370
0 0.445833 0.516667 0.030556 0.037037
