0 0.883267 0.846354 0.233466 0.307292
0 0.910053 0.672619 0.179894 0.145833
0 0.902778 0.590402 0.194444 0.093006
0 0.904927 0.543279 0.190146 0.079117
0 0.900794 0.519097 0.198413 0.049603
0 0.900794 0.504464 0.198413 0.051091
0 0.620701 0.513765 0.113757 0.051339
0 0.404762 0.530010 0.177910 0.059028
0 0.342758 0.518477 0.169643 0.069692
0 0.264220 0.516865 0.128307 0.051091
0 0.207341 0.513765 0.142857 0.051339
0 0.170139 0.514509 0.125992 0.055804
0 0.112269 0.506820 0.125992 0.052827
0 0.076058 0.505952 0.132275 0.060516
0 0.590774 0.495164 0.074405 0.044891
0 0.535053 0.490575 0.066138 0.038690
