0 0.061012 0.781581 0.121528 0.080357
0 0.077629 0.857143 0.154762 0.083333
0 0.080605 0.936177 0.160714 0.127646
0 0.899926 0.936839 0.200149 0.126323
0 0.852679 0.883102 0.294643 0.217262
0 0.722966 0.829696 0.257440 0.169974
0 0.647445 0.777612 0.250248 0.154431
0 0.595982 0.732143 0.232639 0.132275
0 0.534598 0.657242 0.209077 0.124669
0 0.371776 0.580026 0.124008 0.127646
0 0.452629 0.574570 0.111111 0.116733
0 0.526910 0.562004 0.101438 0.104167
0 0.601935 0.547784 0.117063 0.110119
0 0.667411 0.542989 0.118056 0.103836
0 0.733631 0.539187 0.115575 0.089616
0 0.804439 0.659722 0.144097 0.119709
0 0.888889 0.698909 0.204365 0.125992
0 0.928199 0.743882 0.143601 0.124669
0 0.974826 0.765873 0.050347 0.095899
