0 0.080556 0.822685 0.159722 0.354630
0 0.213542 0.831944 0.295139 0.336111
0 0.502083 0.815278 0.259722 0.349074
0 0.735417 0.804167 0.298611 0.323148
0 0.877431 0.734722 0.245139 0.275000
0 0.947569 0.614815 0.104861 0.083333
0 0.886458 0.607870 0.189583 0.082407
0 0.821528 0.600000 0.190278 0.090741
0 0.780556 0.579167 0.173611 0.087963
0 0.738194 0.568981 0.138889 0.071296
0 0.697917 0.571296 0.125000 0.072222
0 0.672917 0.556019 0.111111 0.060185
0 0.045486 0.595370 0.089583 0.100000
0 0.125347 0.597222 0.136806 0.109259
0 0.220139 0.596759 0.106944 0.097222
0 0.311458 0.593519 0.099306 0.107407
0 0.404861 0.588889 0.091667 0.107407
0 0.498264 0.566667 0.078472 0.075926
0 0.424306 0.539815 0.041667 0.050000
0 0.375347 0.542130 0.042361 0.054630
0 0.329167 0.540278 0.050000 0.047222
0 0.156597 0.551389 0.092361 0.054630
0 0.240278 0.564352 0.079167 0.062037
0 0.378125 0.565741 0.059028 0.064815
