0 0.089236 0.840741 0.177083 0.211111
0 0.747917 0.802315 0.334722 0.223148
0 0.704514 0.931944 0.388194 0.136111
0 0.200347 0.621296 0.179861 0.138889
0 0.256250 0.540278 0.150000 0.104630
0 0.290625 0.483333 0.134028 0.100000
0 0.327778 0.428241 0.145833 0.097222
0 0.358681 0.396296 0.129861 0.075926
0 0.386111 0.353704 0.127778 0.074074
0 0.419444 0.324537 0.112500 0.067593
0 0.061458 0.499074 0.121528 0.107407
0 0.143056 0.445370 0.137500 0.103704
0 0.176042 0.406481 0.138194 0.064815
0 0.214236 0.369444 0.129861 0.070370
0 0.255208 0.334259 0.132639 0.066667
0 0.325694 0.288889 0.116667 0.057407
0 0.737500 0.386574 0.176389 0.099074
0 0.750000 0.297685 0.176389 0.087963
0 0.739236 0.253704 0.140972 0.075926
0 0.635764 0.229630 0.060417 0.070370
0 0.589236 0.225000 0.053472 0.070370
0 0.544792 0.228241 0.060417 0.069444
0 0.497917 0.223611 0.063889 0.078704
0 0.452083 0.227315 0.056944 0.065741
0 0.409028 0.231481 0.070833 0.066667
0 0.367361 0.231944 0.062500 0.062037
