0 0.493304 0.919643 0.251488 0.160714
0 0.499876 0.718585 0.132192 0.099206
0 0.499256 0.654927 0.105159 0.069114
0 0.487971 0.609292 0.092014 0.056548
0 0.490451 0.581680 0.094494 0.052249
0 0.489831 0.562831 0.083829 0.042328
0 0.490327 0.539848 0.082837 0.047288
0 0.500372 0.523313 0.072173 0.039352
0 0.939484 0.897487 0.121032 0.179233
0 0.907614 0.765873 0.184772 0.127646
0 0.704737 0.551753 0.100446 0.064484
0 0.689856 0.525794 0.103919 0.053571
0 0.667535 0.506944 0.085069 0.053571
0 0.640377 0.491898 0.065972 0.045966
0 0.163814 0.558036 0.097966 0.051918
0 0.193948 0.535218 0.096726 0.043981
0 0.227059 0.517030 0.082589 0.042659
0 0.440228 0.476025 0.034226 0.039352
0 0.471354 0.476190 0.035466 0.042328
0 0.495660 0.474537 0.029514 0.045635
0 0.524554 0.477679 0.028274 0.042659
0 0.551835 0.474702 0.030754 0.039352
