0 0.222222 0.806920 0.443783 0.386161
0 0.137401 0.629216 0.274140 0.077381
0 0.168485 0.587426 0.336310 0.105407
0 0.152943 0.557168 0.305225 0.100942
0 0.210317 0.512277 0.165344 0.041915
0 0.789187 0.539435 0.210648 0.074405
0 0.706515 0.525298 0.173611 0.062004
0 0.652778 0.521453 0.148810 0.054315
0 0.602017 0.516121 0.138558 0.049603
0 0.571098 0.507564 0.117725 0.044891
0 0.537037 0.506820 0.111772 0.046379
0 0.498677 0.502976 0.080688 0.038690
0 0.466601 0.502976 0.082672 0.035714
0 0.921462 0.520709 0.157077 0.065228
0 0.791171 0.512153 0.120040 0.038690
