0 0.429563 0.851025 0.230159 0.155754
0 0.867684 0.819444 0.209077 0.140212
0 0.812128 0.714782 0.175843 0.110119
0 0.443700 0.662037 0.130952 0.102513
0 0.447297 0.602017 0.100446 0.064484
0 0.440228 0.565146 0.093254 0.066138
0 0.440104 0.530589 0.091022 0.059854
0 0.443080 0.510913 0.085069 0.045635
0 0.443080 0.490245 0.087550 0.051918
0 0.452009 0.473049 0.079117 0.039352
0 0.084077 0.487930 0.123016 0.063161
0 0.120784 0.467427 0.108631 0.059854
0 0.160838 0.451058 0.087550 0.048942
0 0.396949 0.421131 0.035466 0.039352
0 0.425967 0.424934 0.029514 0.050265
0 0.452009 0.424934 0.031994 0.050265
0 0.482143 0.428902 0.028274 0.042328
0 0.508681 0.433532 0.031746 0.045635
0 0.593626 0.453373 0.067212 0.044312
0 0.613715 0.462798 0.076637 0.040675
0 0.632068 0.489583 0.089534 0.056548
0 0.645709 0.510747 0.088542 0.055225
