0 0.427827 0.538360 0.087302 0.056878
0 0.453745 0.494213 0.073165 0.047288
0 0.675223 0.706845 0.166419 0.110119
0 0.659226 0.656415 0.127480 0.078704
0 0.647445 0.606151 0.127728 0.069444
0 0.632068 0.575397 0.096974 0.067460
0 0.620288 0.525794 0.087302 0.056878
0 0.904018 0.771329 0.191964 0.122685
0 0.577257 0.448578 0.029514 0.043981
0 0.627852 0.453373 0.029514 0.044312
0 0.658606 0.453208 0.027034 0.047288
0 0.713046 0.455688 0.036706 0.045635
0 0.744916 0.453373 0.031994 0.044312
0 0.864831 0.483300 0.080357 0.050595
0 0.898934 0.501488 0.092014 0.051918
0 0.919643 0.516204 0.098214 0.053571
0 0.959573 0.545470 0.080853 0.055225
