0 0.075000 0.681944 0.148611 0.225000
0 0.652431 0.876389 0.357639 0.245370
0 0.702083 0.715278 0.311111 0.230556
0 0.182986 0.481481 0.178472 0.142593
0 0.241667 0.411111 0.150000 0.116667
0 0.281250 0.351389 0.134722 0.112037
0 0.320486 0.308333 0.146528 0.100000
0 0.354861 0.276852 0.130556 0.079630
0 0.385417 0.237963 0.126389 0.088889
0 0.423264 0.214352 0.117361 0.087963
0 0.736111 0.315278 0.179167 0.113889
0 0.755556 0.234259 0.162500 0.096296
0 0.745833 0.184259 0.148611 0.081481
0 0.653125 0.141667 0.060417 0.072222
0 0.604861 0.133796 0.056944 0.073148
0 0.555903 0.131019 0.059028 0.067593
0 0.510069 0.116667 0.065972 0.074074
0 0.468403 0.112963 0.067361 0.061111
0 0.420833 0.109259 0.062500 0.068519
0 0.372917 0.105093 0.062500 0.060185
0 0.331597 0.160648 0.115972 0.062037
0 0.266319 0.205093 0.122917 0.063889
0 0.214236 0.231019 0.122917 0.069444
0 0.165625 0.263889 0.146528 0.068519
0 0.137500 0.306481 0.133333 0.096296
0 0.054861 0.337037 0.106944 0.101852
