0 0.256324 0.497354 0.051339 0.054233
0 0.290055 0.486772 0.045883 0.056878
0 0.345362 0.476852 0.039931 0.055556
0 0.374256 0.473710 0.040675 0.056548
0 0.404762 0.474372 0.041667 0.053241
0 0.436632 0.471396 0.039931 0.059193
0 0.468998 0.471396 0.037202 0.051918
0 0.501736 0.468419 0.035218 0.048611
0 0.529638 0.464947 0.037946 0.055556
0 0.560144 0.458499 0.038938 0.059193
0 0.593874 0.457341 0.035466 0.054233
0 0.628348 0.454200 0.035466 0.057870
0 0.695809 0.452546 0.047867 0.051918
0 0.729911 0.450728 0.045139 0.055556
0 0.760417 0.447090 0.046131 0.060185
0 0.796751 0.444775 0.044395 0.060185
0 0.831721 0.442626 0.050347 0.057870
0 0.868428 0.437169 0.056796 0.061508
0 0.899926 0.434358 0.055804 0.057870
0 0.935764 0.433036 0.055060 0.060516
0 0.971478 0.429398 0.057044 0.057870
0 0.989087 0.421792 0.021825 0.047288
0 0.159350 0.603175 0.084077 0.060185
0 0.272321 0.552910 0.086806 0.046958
0 0.343254 0.541171 0.053075 0.063823
0 0.382068 0.535880 0.051339 0.062500
0 0.415799 0.538194 0.044395 0.057870
0 0.453993 0.536376 0.047867 0.066138
0 0.488963 0.532738 0.046875 0.066138
0 0.529142 0.531581 0.042411 0.059193
0 0.569072 0.528108 0.047867 0.058862
0 0.611111 0.528770 0.045139 0.060185
0 0.649678 0.523975 0.054812 0.062500
0 0.687252 0.516369 0.050595 0.063823
0 0.732019 0.516865 0.054812 0.062831
0 0.773189 0.509755 0.055804 0.062500
0 0.816592 0.510417 0.059276 0.063823
0 0.856523 0.500827 0.059276 0.063823
0 0.900794 0.499669 0.069940 0.066138
0 0.946429 0.501488 0.065476 0.065146
0 0.978051 0.494378 0.043899 0.050926
0 0.230779 0.594907 0.060268 0.076720
0 0.277530 0.590608 0.062004 0.082672
0 0.318824 0.588294 0.061260 0.078042
0 0.401662 0.590112 0.040923 0.077050
0 0.446429 0.588955 0.045139 0.079365
0 0.489707 0.578869 0.043403 0.077712
0 0.535342 0.574735 0.044395 0.079365
0 0.574777 0.572917 0.055804 0.075728
0 0.620784 0.573082 0.057540 0.078042
0 0.667411 0.568948 0.055060 0.074405
0 0.710317 0.560020 0.059524 0.084987
0 0.761657 0.556382 0.066468 0.089616
0 0.804563 0.552249 0.062004 0.083995
0 0.849826 0.554563 0.065724 0.072090
0 0.900670 0.550595 0.080605 0.082672
0 0.949529 0.543485 0.080605 0.087632
0 0.978547 0.541171 0.042907 0.073082
