0 0.074580 0.524860 0.045518 0.066993
0 0.242647 0.479692 0.045518 0.060691
0 0.278186 0.464986 0.058473 0.065359
0 0.351716 0.447829 0.056022 0.062325
0 0.414741 0.433824 0.058473 0.062325
0 0.466124 0.413515 0.065301 0.059057
0 0.500525 0.406513 0.057073 0.057656
0 0.082721 0.689076 0.075805 0.112045
0 0.135242 0.607143 0.068803 0.091970
0 0.148109 0.659430 0.080532 0.115313
0 0.190126 0.586251 0.059524 0.071662
0 0.209384 0.647759 0.077031 0.110644
0 0.261817 0.618114 0.067752 0.098039
0 0.316089 0.600257 0.068803 0.099673
0 0.330182 0.537232 0.066527 0.066993
0 0.365721 0.584034 0.079482 0.079365
0 0.375613 0.516340 0.061800 0.065359
0 0.414741 0.561391 0.074580 0.080766
0 0.441614 0.485177 0.065301 0.068394
0 0.457370 0.544234 0.068803 0.077731
0 0.493522 0.533380 0.073529 0.074697
0 0.534926 0.522526 0.067752 0.071662
0 0.519170 0.472689 0.064251 0.062092
0 0.555322 0.459500 0.059524 0.057656
0 0.580532 0.453198 0.056022 0.054388
0 0.617297 0.441643 0.052521 0.046685
0 0.571078 0.510037 0.070028 0.068627
0 0.602066 0.492880 0.066527 0.077731
0 0.642332 0.486695 0.065476 0.065359
0 0.669205 0.474206 0.065301 0.071662
0 0.641194 0.426004 0.079307 0.052754
0 0.680235 0.419701 0.075805 0.056022
0 0.714636 0.407330 0.070028 0.049953
