0 0.278186 0.619748 0.044468 0.048086
0 0.408876 0.590103 0.046744 0.051354
0 0.438725 0.582400 0.052521 0.051354
0 0.490021 0.568394 0.054972 0.051354
0 0.539041 0.552871 0.054972 0.048319
0 0.593312 0.542717 0.051471 0.052754
0 0.616684 0.540383 0.058298 0.048086
0 0.058824 0.752801 0.056022 0.065359
0 0.009629 0.833683 0.018908 0.118347
0 0.041842 0.820495 0.061975 0.101307
0 0.103116 0.806489 0.058473 0.104108
0 0.156863 0.787815 0.049020 0.091970
0 0.212185 0.766106 0.066527 0.098039
0 0.310924 0.734127 0.070028 0.080766
0 0.338323 0.679739 0.064251 0.065359
0 0.381478 0.666433 0.057073 0.060691
0 0.485382 0.631419 0.061800 0.052754
0 0.520921 0.619748 0.051296 0.054622
0 0.576943 0.603408 0.058298 0.065359
0 0.640581 0.587885 0.061975 0.052988
0 0.673845 0.583100 0.058473 0.046685
0 0.697829 0.581583 0.052521 0.052988
0 0.725228 0.576097 0.060749 0.051354
0 0.749125 0.562208 0.057073 0.048319
0 0.360469 0.718604 0.061975 0.090336
0 0.403711 0.711601 0.066527 0.085668
0 0.442227 0.690593 0.066527 0.077731
0 0.483631 0.680439 0.058298 0.082633
0 0.524422 0.673436 0.065301 0.071429
0 0.560049 0.660948 0.059524 0.077731
0 0.591562 0.646942 0.066527 0.071662
0 0.626050 0.640056 0.070028 0.070028
0 0.661590 0.629085 0.061975 0.060691
0 0.694240 0.622082 0.054797 0.062092
0 0.724615 0.612045 0.054972 0.070028
0 0.747899 0.603408 0.059524 0.062092
