0 0.022073 0.642030 0.043651 0.050595
0 0.038070 0.618552 0.075149 0.036706
0 0.018477 0.738095 0.036458 0.054233
0 0.295263 0.542328 0.035466 0.037698
0 0.326389 0.525132 0.033730 0.036376
0 0.486607 0.510417 0.024802 0.035384
0 0.566840 0.506779 0.024058 0.040013
0 0.588542 0.503307 0.028274 0.037698
0 0.626612 0.495536 0.035466 0.036706
0 0.669147 0.495701 0.031746 0.043651
0 0.712054 0.488426 0.041667 0.043651
0 0.731523 0.487434 0.043403 0.039021
0 0.174851 0.626653 0.065476 0.043651
0 0.228919 0.613757 0.047619 0.062831
0 0.258557 0.612434 0.037946 0.060185
0 0.283854 0.608300 0.044395 0.068452
0 0.311384 0.576554 0.038938 0.051918
0 0.314360 0.611938 0.036458 0.056548
0 0.336558 0.607308 0.045139 0.056548
0 0.360491 0.570106 0.036458 0.039021
0 0.368428 0.607970 0.029018 0.057870
0 0.398065 0.602513 0.031746 0.056878
0 0.424231 0.597222 0.039931 0.060185
0 0.484003 0.590774 0.038938 0.056548
0 0.508805 0.555225 0.028522 0.040344
0 0.536334 0.552414 0.030010 0.041336
0 0.611111 0.544643 0.045139 0.037698
0 0.640253 0.538690 0.043403 0.042328
0 0.686384 0.532738 0.043403 0.044974
0 0.743924 0.531581 0.055804 0.047288
0 0.763889 0.530589 0.062004 0.047288
0 0.792659 0.527612 0.048611 0.045966
0 0.824157 0.531085 0.060020 0.046296
0 0.856027 0.524636 0.070685 0.051918
0 0.890129 0.519345 0.078869 0.045966
0 0.921999 0.516865 0.075149 0.046296
0 0.512773 0.585979 0.036458 0.058862
0 0.542039 0.587136 0.039931 0.056548
0 0.569940 0.583499 0.037202 0.047288
0 0.600074 0.582507 0.038938 0.051918
0 0.627604 0.576554 0.038938 0.054563
0 0.662450 0.577712 0.045139 0.054233
0 0.692088 0.573578 0.051339 0.060516
0 0.720486 0.571759 0.056548 0.058862
0 0.749752 0.567626 0.053075 0.053241
0 0.775918 0.565807 0.059276 0.061508
0 0.806424 0.555886 0.060268 0.060185
0 0.838790 0.560020 0.066468 0.059193
0 0.874752 0.560681 0.062004 0.062500
