0 0.031498 0.762070 0.062500 0.072421
0 0.148438 0.649306 0.043899 0.039352
0 0.184524 0.635086 0.040179 0.039352
0 0.227679 0.625000 0.034226 0.050265
0 0.249380 0.615575 0.032986 0.050595
0 0.275422 0.610780 0.037946 0.050265
0 0.297867 0.604497 0.030754 0.044312
0 0.322545 0.605985 0.035466 0.043981
0 0.345114 0.599702 0.026042 0.047288
0 0.368676 0.595073 0.028522 0.043981
0 0.391121 0.589451 0.028274 0.042659
0 0.408234 0.591931 0.034226 0.044312
0 0.429563 0.581680 0.034226 0.045635
0 0.473338 0.572090 0.029514 0.033069
0 0.490327 0.567460 0.033234 0.045635
0 0.512277 0.564484 0.029514 0.033069
0 0.528770 0.560516 0.036706 0.041005
0 0.552331 0.557209 0.031746 0.041005
0 0.566468 0.554894 0.036706 0.045635
0 0.586682 0.551753 0.038938 0.039352
0 0.604911 0.542989 0.033234 0.037698
0 0.623264 0.547784 0.034226 0.034722
0 0.640997 0.543816 0.038938 0.036045
0 0.654514 0.539848 0.042659 0.047288
0 0.675843 0.536872 0.037698 0.043981
0 0.701761 0.535218 0.032986 0.034722
0 0.744296 0.528108 0.033234 0.036376
0 0.763765 0.525794 0.036458 0.034392
0 0.793279 0.525794 0.043899 0.034392
0 0.870660 0.531415 0.061260 0.045635
0 0.961682 0.550926 0.063740 0.050265
0 0.141865 0.699901 0.080357 0.039352
0 0.205729 0.680886 0.051835 0.061508
0 0.230531 0.675430 0.042411 0.059854
0 0.264757 0.664187 0.042411 0.059854
0 0.294271 0.663525 0.037946 0.064484
0 0.323289 0.653274 0.041419 0.047288
0 0.351562 0.650132 0.036458 0.053571
0 0.378844 0.639054 0.038938 0.056548
0 0.405878 0.636739 0.029514 0.042659
0 0.434896 0.628968 0.035466 0.048942
0 0.461310 0.621032 0.034226 0.048942
0 0.484995 0.613095 0.031994 0.048942
0 0.513393 0.615575 0.031746 0.043981
0 0.533358 0.604497 0.038938 0.046958
0 0.555928 0.597388 0.041419 0.048611
0 0.581349 0.593585 0.047123 0.053571
0 0.607887 0.591104 0.043651 0.051918
0 0.627976 0.587136 0.036706 0.043981
0 0.648065 0.591104 0.046131 0.042659
0 0.673487 0.579365 0.044891 0.041005
0 0.697669 0.575397 0.053075 0.048942
0 0.709449 0.567460 0.055308 0.048942
0 0.732515 0.562665 0.051835 0.039352
0 0.756076 0.561177 0.051835 0.052249
0 0.774926 0.559524 0.047371 0.048942
0 0.793279 0.557209 0.048363 0.050265
0 0.839286 0.554894 0.071925 0.058201
0 0.087674 0.743882 0.073165 0.080357
0 0.124256 0.737599 0.070933 0.089616
0 0.166791 0.732143 0.063740 0.082011
0 0.232887 0.717923 0.054563 0.075397
0 0.275918 0.702216 0.050843 0.084987
0 0.310144 0.695933 0.045883 0.079034
0 0.339782 0.690311 0.039187 0.058532
0 0.375124 0.690311 0.041419 0.067791
0 0.407738 0.673776 0.037698 0.063161
0 0.436632 0.666667 0.038938 0.058201
0 0.469122 0.659722 0.044891 0.066138
0 0.495660 0.655754 0.045883 0.058201
0 0.523934 0.646329 0.048363 0.064484
0 0.552951 0.640708 0.044891 0.059854
0 0.582465 0.632110 0.047371 0.051918
0 0.607887 0.624835 0.048611 0.059854
0 0.636285 0.620205 0.057788 0.063161
0 0.656250 0.612269 0.055556 0.059854
0 0.679936 0.605159 0.057788 0.058201
0 0.710069 0.605324 0.059028 0.064484
0 0.725322 0.598876 0.073165 0.074074
0 0.754960 0.587963 0.061508 0.064815
0 0.785590 0.583995 0.051835 0.056878
