0 0.013641 0.659557 0.026786 0.031415
0 0.035342 0.633598 0.063740 0.023810
0 0.320561 0.552414 0.020089 0.031415
0 0.291543 0.558862 0.026042 0.021825
0 0.485863 0.537533 0.024802 0.023479
0 0.566220 0.536706 0.034226 0.028439
0 0.583209 0.528108 0.026042 0.029762
0 0.632316 0.524967 0.041419 0.026786
0 0.665923 0.520337 0.042659 0.026786
0 0.710813 0.519345 0.030754 0.031415
0 0.732019 0.512401 0.037946 0.023479
0 0.168651 0.643022 0.061508 0.023479
0 0.214162 0.643022 0.017609 0.048611
0 0.241939 0.643849 0.019097 0.062831
0 0.269097 0.631944 0.011905 0.070767
0 0.304563 0.633763 0.021329 0.051918
0 0.332217 0.636739 0.029514 0.055225
0 0.360615 0.635086 0.017857 0.051918
0 0.388889 0.626488 0.034226 0.059854
0 0.421999 0.625000 0.029514 0.056878
0 0.479911 0.627976 0.039187 0.053571
0 0.510045 0.623347 0.032986 0.050265
0 0.508805 0.582341 0.035466 0.037698
0 0.536582 0.577712 0.020089 0.028439
0 0.540799 0.617890 0.035466 0.048611
0 0.569072 0.615410 0.039931 0.053571
0 0.602803 0.620205 0.041419 0.047288
0 0.635789 0.619544 0.048363 0.055225
0 0.610367 0.576224 0.040179 0.043981
0 0.637525 0.569114 0.035466 0.033069
0 0.664187 0.609292 0.043651 0.059854
0 0.690104 0.606978 0.055308 0.051918
0 0.718502 0.607639 0.053075 0.056548
0 0.751488 0.601356 0.055556 0.050595
0 0.783482 0.600529 0.053075 0.058201
0 0.824157 0.601356 0.063988 0.047288
0 0.683036 0.565146 0.039187 0.031746
0 0.741443 0.569114 0.063740 0.036376
0 0.788814 0.558036 0.054315 0.023479
0 0.918031 0.551753 0.072173 0.036045
0 0.853671 0.556382 0.068452 0.042659
