0 0.067489 0.519374 0.060749 0.056022
0 0.238445 0.482843 0.052521 0.054388
0 0.284051 0.469538 0.064251 0.049720
0 0.347602 0.447829 0.067752 0.034314
0 0.415266 0.436041 0.070028 0.032680
0 0.477153 0.415149 0.060749 0.059057
0 0.504639 0.395658 0.057248 0.060691
0 0.078081 0.680556 0.077031 0.073063
0 0.130515 0.599556 0.074755 0.045051
0 0.149247 0.675070 0.086310 0.065359
0 0.211047 0.653945 0.072304 0.057656
0 0.189513 0.584034 0.075805 0.042017
0 0.264793 0.626050 0.072304 0.051354
0 0.315476 0.604225 0.073529 0.054388
0 0.328957 0.536531 0.065476 0.024977
0 0.370448 0.583100 0.073529 0.065359
0 0.375088 0.515523 0.064251 0.045051
0 0.419380 0.566877 0.078256 0.066993
0 0.456145 0.548203 0.072304 0.054388
0 0.448004 0.484360 0.063025 0.038749
0 0.501138 0.536531 0.061800 0.059057
0 0.540791 0.515523 0.071078 0.054388
0 0.517419 0.468021 0.064251 0.024743
0 0.576418 0.503035 0.067752 0.054622
0 0.623599 0.499183 0.087535 0.059057
0 0.527398 0.469538 0.072304 0.043651
0 0.581057 0.449346 0.060574 0.040616
0 0.638305 0.437675 0.084034 0.032680
0 0.717612 0.408847 0.081583 0.040383
0 0.669205 0.475023 0.092262 0.057423
