0 0.613343 0.728836 0.161706 0.069444
0 0.951017 0.775298 0.097966 0.096230
0 0.568452 0.615410 0.121528 0.053571
0 0.554936 0.570602 0.115823 0.051918
0 0.538442 0.544643 0.099206 0.044312
0 0.747520 0.532738 0.099206 0.058201
0 0.739831 0.513228 0.114583 0.056878
0 0.716642 0.491898 0.103919 0.048611
0 0.713666 0.478505 0.140625 0.025132
0 0.586806 0.475364 0.033234 0.040675
0 0.560764 0.469907 0.037698 0.042328
0 0.429067 0.467427 0.036706 0.034722
0 0.492808 0.471561 0.064980 0.058201
0 0.277406 0.524306 0.082589 0.034722
0 0.233755 0.560516 0.094494 0.041005
0 0.404886 0.699735 0.141617 0.074074
0 0.413194 0.639881 0.118056 0.042328
0 0.416171 0.609292 0.105159 0.034722
0 0.431548 0.569940 0.086310 0.018849
0 0.436756 0.532738 0.077877 0.033069
