0 0.619296 0.958995 0.542163 0.082011
0 0.702629 0.896660 0.437004 0.196759
0 0.777406 0.809358 0.327133 0.138558
0 0.835317 0.739914 0.272817 0.106812
0 0.877852 0.699074 0.244296 0.078704
0 0.886781 0.664352 0.224454 0.044312
0 0.934524 0.621032 0.130952 0.077381
0 0.958085 0.552579 0.083829 0.037698
0 0.927455 0.551091 0.091022 0.018849
0 0.712550 0.549438 0.093254 0.050595
0 0.679563 0.565146 0.102679 0.066138
0 0.566716 0.584821 0.113591 0.058532
0 0.519469 0.595899 0.129712 0.086640
0 0.604539 0.521825 0.063740 0.033069
0 0.563864 0.537533 0.069692 0.030093
0 0.509425 0.561177 0.100198 0.061508
0 0.418403 0.567460 0.093254 0.067460
0 0.367684 0.569775 0.128720 0.050265
0 0.335813 0.565972 0.119048 0.055225
0 0.289683 0.583333 0.095734 0.070767
0 0.224206 0.591766 0.141865 0.059854
0 0.184648 0.610119 0.143105 0.058201
0 0.117312 0.636905 0.140377 0.086640
0 0.067708 0.651786 0.126488 0.091270
0 0.110863 0.752480 0.200893 0.138558
0 0.298611 0.703704 0.188988 0.132275
0 0.367188 0.644676 0.144097 0.089616
0 0.437996 0.635086 0.123016 0.067791
0 0.058284 0.804398 0.109623 0.179563
0 0.496528 0.494213 0.064980 0.031415
0 0.571429 0.487930 0.035218 0.028108
0 0.610987 0.493386 0.022569 0.033069
0 0.660590 0.494213 0.041419 0.043981
