0 0.274072 0.621265 0.053746 0.035714
0 0.407125 0.588585 0.039741 0.038982
0 0.440476 0.582400 0.059524 0.042017
0 0.488270 0.569911 0.057073 0.035714
0 0.544818 0.555906 0.063025 0.038982
0 0.596814 0.549720 0.057073 0.035948
0 0.623074 0.540383 0.067577 0.045285
0 0.053484 0.762838 0.046744 0.042017
0 0.038866 0.835201 0.052521 0.074697
0 0.103116 0.818978 0.061975 0.085668
0 0.157388 0.803455 0.065476 0.079365
0 0.211047 0.772176 0.065301 0.079365
0 0.311450 0.738796 0.072479 0.065359
0 0.361695 0.724090 0.077031 0.079365
0 0.345326 0.678922 0.065301 0.048319
0 0.380952 0.664099 0.052521 0.040616
0 0.408263 0.712418 0.077031 0.074697
0 0.443890 0.691410 0.075805 0.060691
0 0.487132 0.685107 0.075805 0.060691
0 0.525035 0.677288 0.072479 0.057656
0 0.477766 0.631419 0.066527 0.024743
0 0.521008 0.627451 0.045518 0.023343
0 0.578694 0.605742 0.065301 0.035948
0 0.637693 0.594888 0.064251 0.045051
0 0.679709 0.577731 0.082808 0.042017
0 0.559524 0.657913 0.066527 0.052988
0 0.595676 0.654762 0.054797 0.046685
0 0.631215 0.640756 0.065301 0.040616
0 0.670343 0.634454 0.057073 0.046685
0 0.698354 0.620565 0.059524 0.040383
0 0.721113 0.617414 0.051471 0.043417
0 0.758491 0.615079 0.046744 0.045285
