0 0.400794 0.477017 0.067460 0.088294
0 0.466270 0.476852 0.077877 0.094577
0 0.534846 0.469081 0.087550 0.110119
0 0.588542 0.474702 0.086310 0.092923
0 0.647693 0.472222 0.088542 0.082011
0 0.697173 0.470569 0.074405 0.082011
0 0.943328 0.650132 0.113343 0.128968
0 0.983507 0.584656 0.032986 0.033069
0 0.757440 0.476190 0.093254 0.074074
0 0.792907 0.471561 0.095734 0.074074
0 0.896701 0.477844 0.119296 0.070767
0 0.944072 0.465774 0.097966 0.072421
0 0.962922 0.469907 0.074157 0.054894
0 0.577257 0.429067 0.066220 0.039352
0 0.666543 0.432044 0.079117 0.051918
0 0.702505 0.424272 0.054315 0.036376
0 0.739707 0.425926 0.050843 0.033069
0 0.782242 0.430556 0.062500 0.042328
0 0.818824 0.436673 0.081597 0.051918
0 0.856027 0.427249 0.061260 0.045635
0 0.929315 0.429729 0.052083 0.040675
0 0.975322 0.429729 0.049355 0.038029
