0 0.429688 0.532077 0.078125 0.050265
0 0.455605 0.492725 0.080357 0.041005
0 0.662326 0.709987 0.146577 0.078704
0 0.654762 0.655589 0.145337 0.051918
0 0.645213 0.613922 0.126240 0.056548
0 0.648686 0.580192 0.128720 0.051918
0 0.618676 0.527447 0.087550 0.053571
0 0.576141 0.444610 0.028274 0.055225
0 0.624628 0.443948 0.026042 0.034722
0 0.658854 0.445437 0.032986 0.056878
0 0.703745 0.447090 0.051835 0.062831
0 0.744420 0.451058 0.038938 0.061508
0 0.854291 0.477017 0.107391 0.047288
0 0.922743 0.510747 0.119296 0.048611
0 0.957093 0.542989 0.083829 0.037698
0 0.906126 0.774636 0.187748 0.100860
