0 0.015377 0.644511 0.030258 0.033069
0 0.043527 0.625827 0.066220 0.026786
0 0.172867 0.631283 0.053075 0.028439
0 0.219494 0.622685 0.023810 0.045635
0 0.252480 0.622520 0.028274 0.064484
0 0.279762 0.615410 0.018849 0.053571
0 0.311012 0.621858 0.012897 0.056548
0 0.339410 0.618552 0.031994 0.059854
0 0.369420 0.619378 0.035466 0.058201
0 0.395461 0.615575 0.032986 0.056548
0 0.427331 0.609292 0.023810 0.043981
0 0.304439 0.583168 0.023562 0.067791
0 0.364211 0.578538 0.031994 0.058532
0 0.292783 0.545470 0.044891 0.048611
0 0.325149 0.528274 0.024802 0.039352
0 0.484623 0.517857 0.027282 0.037698
0 0.564980 0.503803 0.012897 0.022156
0 0.589162 0.497520 0.026042 0.034722
0 0.626984 0.494378 0.040179 0.041005
0 0.664683 0.490410 0.042659 0.029762
0 0.710193 0.492725 0.038938 0.037698
0 0.741443 0.485615 0.054315 0.023479
0 0.478795 0.597388 0.041419 0.051918
0 0.511781 0.596726 0.031994 0.043981
0 0.510045 0.557374 0.023562 0.031415
0 0.537202 0.553406 0.037698 0.039352
0 0.546007 0.593419 0.029514 0.043981
0 0.571429 0.594246 0.044643 0.052249
0 0.603919 0.588790 0.053075 0.059854
0 0.638765 0.591104 0.056796 0.055225
0 0.662326 0.583168 0.044891 0.042659
0 0.688988 0.577712 0.046131 0.044312
0 0.724454 0.579200 0.064980 0.059854
0 0.752728 0.565146 0.055556 0.037698
0 0.784598 0.560516 0.053323 0.041005
0 0.814732 0.563657 0.056548 0.047288
0 0.613963 0.557209 0.054315 0.037698
0 0.640005 0.548611 0.044891 0.029762
0 0.871404 0.566634 0.054315 0.056548
0 0.928075 0.520172 0.061508 0.036376
0 0.792907 0.528935 0.041171 0.018849
0 0.737971 0.535218 0.042411 0.015542
